{
 "cells": [
  {
   "attachments": {},
   "cell_type": "markdown",
   "metadata": {},
   "source": [
    "# Outlier Detection"
   ]
  },
  {
   "attachments": {},
   "cell_type": "markdown",
   "metadata": {},
   "source": [
    "## Data Preprocessing"
   ]
  },
  {
   "cell_type": "code",
   "execution_count": 40,
   "metadata": {},
   "outputs": [],
   "source": [
    "import pandas as pd\n",
    "\n",
    "df = pd.read_csv('data/boston_housing.csv')"
   ]
  },
  {
   "cell_type": "code",
   "execution_count": 41,
   "metadata": {},
   "outputs": [
    {
     "name": "stdout",
     "output_type": "stream",
     "text": [
      "<class 'pandas.core.frame.DataFrame'>\n",
      "RangeIndex: 506 entries, 0 to 505\n",
      "Data columns (total 14 columns):\n",
      " #   Column   Non-Null Count  Dtype  \n",
      "---  ------   --------------  -----  \n",
      " 0   CRIM     486 non-null    float64\n",
      " 1   ZN       486 non-null    float64\n",
      " 2   INDUS    486 non-null    float64\n",
      " 3   CHAS     486 non-null    float64\n",
      " 4   NOX      506 non-null    float64\n",
      " 5   RM       506 non-null    float64\n",
      " 6   AGE      486 non-null    float64\n",
      " 7   DIS      506 non-null    float64\n",
      " 8   RAD      506 non-null    int64  \n",
      " 9   TAX      506 non-null    int64  \n",
      " 10  PTRATIO  506 non-null    float64\n",
      " 11  B        506 non-null    float64\n",
      " 12  LSTAT    486 non-null    float64\n",
      " 13  MEDV     506 non-null    float64\n",
      "dtypes: float64(12), int64(2)\n",
      "memory usage: 55.5 KB\n"
     ]
    }
   ],
   "source": [
    "df.info()"
   ]
  },
  {
   "cell_type": "code",
   "execution_count": 42,
   "metadata": {},
   "outputs": [
    {
     "data": {
      "text/html": [
       "<div>\n",
       "<style scoped>\n",
       "    .dataframe tbody tr th:only-of-type {\n",
       "        vertical-align: middle;\n",
       "    }\n",
       "\n",
       "    .dataframe tbody tr th {\n",
       "        vertical-align: top;\n",
       "    }\n",
       "\n",
       "    .dataframe thead th {\n",
       "        text-align: right;\n",
       "    }\n",
       "</style>\n",
       "<table border=\"1\" class=\"dataframe\">\n",
       "  <thead>\n",
       "    <tr style=\"text-align: right;\">\n",
       "      <th></th>\n",
       "      <th>CRIM</th>\n",
       "      <th>ZN</th>\n",
       "      <th>INDUS</th>\n",
       "      <th>CHAS</th>\n",
       "      <th>NOX</th>\n",
       "      <th>RM</th>\n",
       "      <th>AGE</th>\n",
       "      <th>DIS</th>\n",
       "      <th>RAD</th>\n",
       "      <th>TAX</th>\n",
       "      <th>PTRATIO</th>\n",
       "      <th>B</th>\n",
       "      <th>LSTAT</th>\n",
       "      <th>MEDV</th>\n",
       "    </tr>\n",
       "  </thead>\n",
       "  <tbody>\n",
       "    <tr>\n",
       "      <th>0</th>\n",
       "      <td>0.00632</td>\n",
       "      <td>18.0</td>\n",
       "      <td>2.31</td>\n",
       "      <td>0.0</td>\n",
       "      <td>0.538</td>\n",
       "      <td>6.575</td>\n",
       "      <td>65.2</td>\n",
       "      <td>4.0900</td>\n",
       "      <td>1</td>\n",
       "      <td>296</td>\n",
       "      <td>15.3</td>\n",
       "      <td>396.90</td>\n",
       "      <td>4.98</td>\n",
       "      <td>24.0</td>\n",
       "    </tr>\n",
       "    <tr>\n",
       "      <th>1</th>\n",
       "      <td>0.02731</td>\n",
       "      <td>0.0</td>\n",
       "      <td>7.07</td>\n",
       "      <td>0.0</td>\n",
       "      <td>0.469</td>\n",
       "      <td>6.421</td>\n",
       "      <td>78.9</td>\n",
       "      <td>4.9671</td>\n",
       "      <td>2</td>\n",
       "      <td>242</td>\n",
       "      <td>17.8</td>\n",
       "      <td>396.90</td>\n",
       "      <td>9.14</td>\n",
       "      <td>21.6</td>\n",
       "    </tr>\n",
       "    <tr>\n",
       "      <th>2</th>\n",
       "      <td>0.02729</td>\n",
       "      <td>0.0</td>\n",
       "      <td>7.07</td>\n",
       "      <td>0.0</td>\n",
       "      <td>0.469</td>\n",
       "      <td>7.185</td>\n",
       "      <td>61.1</td>\n",
       "      <td>4.9671</td>\n",
       "      <td>2</td>\n",
       "      <td>242</td>\n",
       "      <td>17.8</td>\n",
       "      <td>392.83</td>\n",
       "      <td>4.03</td>\n",
       "      <td>34.7</td>\n",
       "    </tr>\n",
       "    <tr>\n",
       "      <th>3</th>\n",
       "      <td>0.03237</td>\n",
       "      <td>0.0</td>\n",
       "      <td>2.18</td>\n",
       "      <td>0.0</td>\n",
       "      <td>0.458</td>\n",
       "      <td>6.998</td>\n",
       "      <td>45.8</td>\n",
       "      <td>6.0622</td>\n",
       "      <td>3</td>\n",
       "      <td>222</td>\n",
       "      <td>18.7</td>\n",
       "      <td>394.63</td>\n",
       "      <td>2.94</td>\n",
       "      <td>33.4</td>\n",
       "    </tr>\n",
       "    <tr>\n",
       "      <th>4</th>\n",
       "      <td>0.06905</td>\n",
       "      <td>0.0</td>\n",
       "      <td>2.18</td>\n",
       "      <td>0.0</td>\n",
       "      <td>0.458</td>\n",
       "      <td>7.147</td>\n",
       "      <td>54.2</td>\n",
       "      <td>6.0622</td>\n",
       "      <td>3</td>\n",
       "      <td>222</td>\n",
       "      <td>18.7</td>\n",
       "      <td>396.90</td>\n",
       "      <td>NaN</td>\n",
       "      <td>36.2</td>\n",
       "    </tr>\n",
       "  </tbody>\n",
       "</table>\n",
       "</div>"
      ],
      "text/plain": [
       "      CRIM    ZN  INDUS  CHAS    NOX     RM   AGE     DIS  RAD  TAX  PTRATIO  \\\n",
       "0  0.00632  18.0   2.31   0.0  0.538  6.575  65.2  4.0900    1  296     15.3   \n",
       "1  0.02731   0.0   7.07   0.0  0.469  6.421  78.9  4.9671    2  242     17.8   \n",
       "2  0.02729   0.0   7.07   0.0  0.469  7.185  61.1  4.9671    2  242     17.8   \n",
       "3  0.03237   0.0   2.18   0.0  0.458  6.998  45.8  6.0622    3  222     18.7   \n",
       "4  0.06905   0.0   2.18   0.0  0.458  7.147  54.2  6.0622    3  222     18.7   \n",
       "\n",
       "        B  LSTAT  MEDV  \n",
       "0  396.90   4.98  24.0  \n",
       "1  396.90   9.14  21.6  \n",
       "2  392.83   4.03  34.7  \n",
       "3  394.63   2.94  33.4  \n",
       "4  396.90    NaN  36.2  "
      ]
     },
     "execution_count": 42,
     "metadata": {},
     "output_type": "execute_result"
    }
   ],
   "source": [
    "df.head()"
   ]
  },
  {
   "cell_type": "code",
   "execution_count": 43,
   "metadata": {},
   "outputs": [
    {
     "data": {
      "text/plain": [
       "CRIM       20\n",
       "ZN         20\n",
       "INDUS      20\n",
       "CHAS       20\n",
       "NOX         0\n",
       "RM          0\n",
       "AGE        20\n",
       "DIS         0\n",
       "RAD         0\n",
       "TAX         0\n",
       "PTRATIO     0\n",
       "B           0\n",
       "LSTAT      20\n",
       "MEDV        0\n",
       "dtype: int64"
      ]
     },
     "execution_count": 43,
     "metadata": {},
     "output_type": "execute_result"
    }
   ],
   "source": [
    "df.isnull().sum()"
   ]
  },
  {
   "cell_type": "code",
   "execution_count": 44,
   "metadata": {},
   "outputs": [
    {
     "name": "stdout",
     "output_type": "stream",
     "text": [
      "<class 'pandas.core.frame.DataFrame'>\n",
      "RangeIndex: 506 entries, 0 to 505\n",
      "Data columns (total 14 columns):\n",
      " #   Column   Non-Null Count  Dtype  \n",
      "---  ------   --------------  -----  \n",
      " 0   CRIM     506 non-null    float64\n",
      " 1   ZN       506 non-null    float64\n",
      " 2   INDUS    506 non-null    float64\n",
      " 3   CHAS     506 non-null    float64\n",
      " 4   NOX      506 non-null    float64\n",
      " 5   RM       506 non-null    float64\n",
      " 6   AGE      506 non-null    float64\n",
      " 7   DIS      506 non-null    float64\n",
      " 8   RAD      506 non-null    float64\n",
      " 9   TAX      506 non-null    float64\n",
      " 10  PTRATIO  506 non-null    float64\n",
      " 11  B        506 non-null    float64\n",
      " 12  LSTAT    506 non-null    float64\n",
      " 13  MEDV     506 non-null    float64\n",
      "dtypes: float64(14)\n",
      "memory usage: 55.5 KB\n"
     ]
    }
   ],
   "source": [
    "from reparo import MICE\n",
    "\n",
    "imputer = MICE()\n",
    "imputer.apply(df, df.columns)\n",
    "\n",
    "df.info()"
   ]
  },
  {
   "attachments": {},
   "cell_type": "markdown",
   "metadata": {},
   "source": [
    "## Data Preparation"
   ]
  },
  {
   "cell_type": "code",
   "execution_count": 45,
   "metadata": {},
   "outputs": [
    {
     "data": {
      "text/html": [
       "<div>\n",
       "<style scoped>\n",
       "    .dataframe tbody tr th:only-of-type {\n",
       "        vertical-align: middle;\n",
       "    }\n",
       "\n",
       "    .dataframe tbody tr th {\n",
       "        vertical-align: top;\n",
       "    }\n",
       "\n",
       "    .dataframe thead th {\n",
       "        text-align: right;\n",
       "    }\n",
       "</style>\n",
       "<table border=\"1\" class=\"dataframe\">\n",
       "  <thead>\n",
       "    <tr style=\"text-align: right;\">\n",
       "      <th></th>\n",
       "      <th>CRIM</th>\n",
       "      <th>ZN</th>\n",
       "      <th>INDUS</th>\n",
       "      <th>CHAS</th>\n",
       "      <th>NOX</th>\n",
       "      <th>RM</th>\n",
       "      <th>AGE</th>\n",
       "      <th>DIS</th>\n",
       "      <th>RAD</th>\n",
       "      <th>TAX</th>\n",
       "      <th>PTRATIO</th>\n",
       "      <th>B</th>\n",
       "      <th>LSTAT</th>\n",
       "      <th>MEDV</th>\n",
       "    </tr>\n",
       "  </thead>\n",
       "  <tbody>\n",
       "    <tr>\n",
       "      <th>CRIM</th>\n",
       "      <td>1.000000</td>\n",
       "      <td>-0.203602</td>\n",
       "      <td>0.416606</td>\n",
       "      <td>-0.054893</td>\n",
       "      <td>0.422157</td>\n",
       "      <td>-0.221373</td>\n",
       "      <td>0.352766</td>\n",
       "      <td>-0.380658</td>\n",
       "      <td>0.632436</td>\n",
       "      <td>0.589058</td>\n",
       "      <td>0.293449</td>\n",
       "      <td>-0.393703</td>\n",
       "      <td>0.455850</td>\n",
       "      <td>-0.395065</td>\n",
       "    </tr>\n",
       "    <tr>\n",
       "      <th>ZN</th>\n",
       "      <td>-0.203602</td>\n",
       "      <td>1.000000</td>\n",
       "      <td>-0.539613</td>\n",
       "      <td>-0.043680</td>\n",
       "      <td>-0.519143</td>\n",
       "      <td>0.316957</td>\n",
       "      <td>-0.575888</td>\n",
       "      <td>0.662000</td>\n",
       "      <td>-0.315085</td>\n",
       "      <td>-0.315226</td>\n",
       "      <td>-0.403378</td>\n",
       "      <td>0.174257</td>\n",
       "      <td>-0.414459</td>\n",
       "      <td>0.368593</td>\n",
       "    </tr>\n",
       "    <tr>\n",
       "      <th>INDUS</th>\n",
       "      <td>0.416606</td>\n",
       "      <td>-0.539613</td>\n",
       "      <td>1.000000</td>\n",
       "      <td>0.056740</td>\n",
       "      <td>0.770247</td>\n",
       "      <td>-0.390497</td>\n",
       "      <td>0.648742</td>\n",
       "      <td>-0.714069</td>\n",
       "      <td>0.605521</td>\n",
       "      <td>0.733100</td>\n",
       "      <td>0.384678</td>\n",
       "      <td>-0.360498</td>\n",
       "      <td>0.595185</td>\n",
       "      <td>-0.482457</td>\n",
       "    </tr>\n",
       "    <tr>\n",
       "      <th>CHAS</th>\n",
       "      <td>-0.054893</td>\n",
       "      <td>-0.043680</td>\n",
       "      <td>0.056740</td>\n",
       "      <td>1.000000</td>\n",
       "      <td>0.075633</td>\n",
       "      <td>0.100889</td>\n",
       "      <td>0.089832</td>\n",
       "      <td>-0.094064</td>\n",
       "      <td>0.002173</td>\n",
       "      <td>-0.030968</td>\n",
       "      <td>-0.110405</td>\n",
       "      <td>0.050246</td>\n",
       "      <td>-0.050131</td>\n",
       "      <td>0.180973</td>\n",
       "    </tr>\n",
       "    <tr>\n",
       "      <th>NOX</th>\n",
       "      <td>0.422157</td>\n",
       "      <td>-0.519143</td>\n",
       "      <td>0.770247</td>\n",
       "      <td>0.075633</td>\n",
       "      <td>1.000000</td>\n",
       "      <td>-0.302188</td>\n",
       "      <td>0.736424</td>\n",
       "      <td>-0.769230</td>\n",
       "      <td>0.611441</td>\n",
       "      <td>0.668023</td>\n",
       "      <td>0.188933</td>\n",
       "      <td>-0.380051</td>\n",
       "      <td>0.588609</td>\n",
       "      <td>-0.427321</td>\n",
       "    </tr>\n",
       "    <tr>\n",
       "      <th>RM</th>\n",
       "      <td>-0.221373</td>\n",
       "      <td>0.316957</td>\n",
       "      <td>-0.390497</td>\n",
       "      <td>0.100889</td>\n",
       "      <td>-0.302188</td>\n",
       "      <td>1.000000</td>\n",
       "      <td>-0.238440</td>\n",
       "      <td>0.205246</td>\n",
       "      <td>-0.209847</td>\n",
       "      <td>-0.292048</td>\n",
       "      <td>-0.355501</td>\n",
       "      <td>0.128069</td>\n",
       "      <td>-0.619758</td>\n",
       "      <td>0.695360</td>\n",
       "    </tr>\n",
       "    <tr>\n",
       "      <th>AGE</th>\n",
       "      <td>0.352766</td>\n",
       "      <td>-0.575888</td>\n",
       "      <td>0.648742</td>\n",
       "      <td>0.089832</td>\n",
       "      <td>0.736424</td>\n",
       "      <td>-0.238440</td>\n",
       "      <td>1.000000</td>\n",
       "      <td>-0.750214</td>\n",
       "      <td>0.452493</td>\n",
       "      <td>0.505615</td>\n",
       "      <td>0.255410</td>\n",
       "      <td>-0.281538</td>\n",
       "      <td>0.610282</td>\n",
       "      <td>-0.388940</td>\n",
       "    </tr>\n",
       "    <tr>\n",
       "      <th>DIS</th>\n",
       "      <td>-0.380658</td>\n",
       "      <td>0.662000</td>\n",
       "      <td>-0.714069</td>\n",
       "      <td>-0.094064</td>\n",
       "      <td>-0.769230</td>\n",
       "      <td>0.205246</td>\n",
       "      <td>-0.750214</td>\n",
       "      <td>1.000000</td>\n",
       "      <td>-0.494588</td>\n",
       "      <td>-0.534432</td>\n",
       "      <td>-0.232471</td>\n",
       "      <td>0.291512</td>\n",
       "      <td>-0.496543</td>\n",
       "      <td>0.249929</td>\n",
       "    </tr>\n",
       "    <tr>\n",
       "      <th>RAD</th>\n",
       "      <td>0.632436</td>\n",
       "      <td>-0.315085</td>\n",
       "      <td>0.605521</td>\n",
       "      <td>0.002173</td>\n",
       "      <td>0.611441</td>\n",
       "      <td>-0.209847</td>\n",
       "      <td>0.452493</td>\n",
       "      <td>-0.494588</td>\n",
       "      <td>1.000000</td>\n",
       "      <td>0.910228</td>\n",
       "      <td>0.464741</td>\n",
       "      <td>-0.444413</td>\n",
       "      <td>0.484496</td>\n",
       "      <td>-0.381626</td>\n",
       "    </tr>\n",
       "    <tr>\n",
       "      <th>TAX</th>\n",
       "      <td>0.589058</td>\n",
       "      <td>-0.315226</td>\n",
       "      <td>0.733100</td>\n",
       "      <td>-0.030968</td>\n",
       "      <td>0.668023</td>\n",
       "      <td>-0.292048</td>\n",
       "      <td>0.505615</td>\n",
       "      <td>-0.534432</td>\n",
       "      <td>0.910228</td>\n",
       "      <td>1.000000</td>\n",
       "      <td>0.460853</td>\n",
       "      <td>-0.441808</td>\n",
       "      <td>0.541057</td>\n",
       "      <td>-0.468536</td>\n",
       "    </tr>\n",
       "    <tr>\n",
       "      <th>PTRATIO</th>\n",
       "      <td>0.293449</td>\n",
       "      <td>-0.403378</td>\n",
       "      <td>0.384678</td>\n",
       "      <td>-0.110405</td>\n",
       "      <td>0.188933</td>\n",
       "      <td>-0.355501</td>\n",
       "      <td>0.255410</td>\n",
       "      <td>-0.232471</td>\n",
       "      <td>0.464741</td>\n",
       "      <td>0.460853</td>\n",
       "      <td>1.000000</td>\n",
       "      <td>-0.177383</td>\n",
       "      <td>0.373314</td>\n",
       "      <td>-0.507787</td>\n",
       "    </tr>\n",
       "    <tr>\n",
       "      <th>B</th>\n",
       "      <td>-0.393703</td>\n",
       "      <td>0.174257</td>\n",
       "      <td>-0.360498</td>\n",
       "      <td>0.050246</td>\n",
       "      <td>-0.380051</td>\n",
       "      <td>0.128069</td>\n",
       "      <td>-0.281538</td>\n",
       "      <td>0.291512</td>\n",
       "      <td>-0.444413</td>\n",
       "      <td>-0.441808</td>\n",
       "      <td>-0.177383</td>\n",
       "      <td>1.000000</td>\n",
       "      <td>-0.367312</td>\n",
       "      <td>0.333461</td>\n",
       "    </tr>\n",
       "    <tr>\n",
       "      <th>LSTAT</th>\n",
       "      <td>0.455850</td>\n",
       "      <td>-0.414459</td>\n",
       "      <td>0.595185</td>\n",
       "      <td>-0.050131</td>\n",
       "      <td>0.588609</td>\n",
       "      <td>-0.619758</td>\n",
       "      <td>0.610282</td>\n",
       "      <td>-0.496543</td>\n",
       "      <td>0.484496</td>\n",
       "      <td>0.541057</td>\n",
       "      <td>0.373314</td>\n",
       "      <td>-0.367312</td>\n",
       "      <td>1.000000</td>\n",
       "      <td>-0.741087</td>\n",
       "    </tr>\n",
       "    <tr>\n",
       "      <th>MEDV</th>\n",
       "      <td>-0.395065</td>\n",
       "      <td>0.368593</td>\n",
       "      <td>-0.482457</td>\n",
       "      <td>0.180973</td>\n",
       "      <td>-0.427321</td>\n",
       "      <td>0.695360</td>\n",
       "      <td>-0.388940</td>\n",
       "      <td>0.249929</td>\n",
       "      <td>-0.381626</td>\n",
       "      <td>-0.468536</td>\n",
       "      <td>-0.507787</td>\n",
       "      <td>0.333461</td>\n",
       "      <td>-0.741087</td>\n",
       "      <td>1.000000</td>\n",
       "    </tr>\n",
       "  </tbody>\n",
       "</table>\n",
       "</div>"
      ],
      "text/plain": [
       "             CRIM        ZN     INDUS      CHAS       NOX        RM       AGE  \\\n",
       "CRIM     1.000000 -0.203602  0.416606 -0.054893  0.422157 -0.221373  0.352766   \n",
       "ZN      -0.203602  1.000000 -0.539613 -0.043680 -0.519143  0.316957 -0.575888   \n",
       "INDUS    0.416606 -0.539613  1.000000  0.056740  0.770247 -0.390497  0.648742   \n",
       "CHAS    -0.054893 -0.043680  0.056740  1.000000  0.075633  0.100889  0.089832   \n",
       "NOX      0.422157 -0.519143  0.770247  0.075633  1.000000 -0.302188  0.736424   \n",
       "RM      -0.221373  0.316957 -0.390497  0.100889 -0.302188  1.000000 -0.238440   \n",
       "AGE      0.352766 -0.575888  0.648742  0.089832  0.736424 -0.238440  1.000000   \n",
       "DIS     -0.380658  0.662000 -0.714069 -0.094064 -0.769230  0.205246 -0.750214   \n",
       "RAD      0.632436 -0.315085  0.605521  0.002173  0.611441 -0.209847  0.452493   \n",
       "TAX      0.589058 -0.315226  0.733100 -0.030968  0.668023 -0.292048  0.505615   \n",
       "PTRATIO  0.293449 -0.403378  0.384678 -0.110405  0.188933 -0.355501  0.255410   \n",
       "B       -0.393703  0.174257 -0.360498  0.050246 -0.380051  0.128069 -0.281538   \n",
       "LSTAT    0.455850 -0.414459  0.595185 -0.050131  0.588609 -0.619758  0.610282   \n",
       "MEDV    -0.395065  0.368593 -0.482457  0.180973 -0.427321  0.695360 -0.388940   \n",
       "\n",
       "              DIS       RAD       TAX   PTRATIO         B     LSTAT      MEDV  \n",
       "CRIM    -0.380658  0.632436  0.589058  0.293449 -0.393703  0.455850 -0.395065  \n",
       "ZN       0.662000 -0.315085 -0.315226 -0.403378  0.174257 -0.414459  0.368593  \n",
       "INDUS   -0.714069  0.605521  0.733100  0.384678 -0.360498  0.595185 -0.482457  \n",
       "CHAS    -0.094064  0.002173 -0.030968 -0.110405  0.050246 -0.050131  0.180973  \n",
       "NOX     -0.769230  0.611441  0.668023  0.188933 -0.380051  0.588609 -0.427321  \n",
       "RM       0.205246 -0.209847 -0.292048 -0.355501  0.128069 -0.619758  0.695360  \n",
       "AGE     -0.750214  0.452493  0.505615  0.255410 -0.281538  0.610282 -0.388940  \n",
       "DIS      1.000000 -0.494588 -0.534432 -0.232471  0.291512 -0.496543  0.249929  \n",
       "RAD     -0.494588  1.000000  0.910228  0.464741 -0.444413  0.484496 -0.381626  \n",
       "TAX     -0.534432  0.910228  1.000000  0.460853 -0.441808  0.541057 -0.468536  \n",
       "PTRATIO -0.232471  0.464741  0.460853  1.000000 -0.177383  0.373314 -0.507787  \n",
       "B        0.291512 -0.444413 -0.441808 -0.177383  1.000000 -0.367312  0.333461  \n",
       "LSTAT   -0.496543  0.484496  0.541057  0.373314 -0.367312  1.000000 -0.741087  \n",
       "MEDV     0.249929 -0.381626 -0.468536 -0.507787  0.333461 -0.741087  1.000000  "
      ]
     },
     "execution_count": 45,
     "metadata": {},
     "output_type": "execute_result"
    }
   ],
   "source": [
    "df.corr()"
   ]
  },
  {
   "cell_type": "code",
   "execution_count": 46,
   "metadata": {},
   "outputs": [
    {
     "data": {
      "text/plain": [
       "MEDV       1.000000\n",
       "LSTAT      0.741087\n",
       "RM         0.695360\n",
       "PTRATIO    0.507787\n",
       "INDUS      0.482457\n",
       "TAX        0.468536\n",
       "NOX        0.427321\n",
       "CRIM       0.395065\n",
       "AGE        0.388940\n",
       "RAD        0.381626\n",
       "ZN         0.368593\n",
       "B          0.333461\n",
       "DIS        0.249929\n",
       "CHAS       0.180973\n",
       "Name: MEDV, dtype: float64"
      ]
     },
     "execution_count": 46,
     "metadata": {},
     "output_type": "execute_result"
    }
   ],
   "source": [
    "target = 'MEDV'\n",
    "\n",
    "df.corr()[target].abs().sort_values(ascending=False)"
   ]
  },
  {
   "cell_type": "code",
   "execution_count": 51,
   "metadata": {},
   "outputs": [],
   "source": [
    "y = df[target]\n",
    "X = df[['LSTAT', 'RM']].copy()"
   ]
  },
  {
   "attachments": {},
   "cell_type": "markdown",
   "metadata": {},
   "source": [
    "## Outlier Detection"
   ]
  },
  {
   "cell_type": "code",
   "execution_count": 47,
   "metadata": {},
   "outputs": [
    {
     "name": "stdout",
     "output_type": "stream",
     "text": [
      "IsolationForest: 89 outliers, 417 inliers\n",
      "LocalOutlierFactor: 19 outliers, 487 inliers\n",
      "EllipticEnvelope: 51 outliers, 455 inliers\n",
      "OneClassSVM: 254 outliers, 252 inliers\n"
     ]
    },
    {
     "data": {
